1	Finite Discrete Topology	1	1	1	1	1	1	1	1	1	1	1	1	1	1	1	1	1	1	1	1	1	1	1	1	1	1	1	1	1	1	1	1	1	1	1	0	0	0	0	0	1	1	1	0	0	1	1	1	1	1	1	1	1	1	1	1	1	1	0	1	0											
2	Countable Discrete Topology	1	1	1	1	1	1	1	1	1	1	1	1	1	1	1	0	1	1	0	0	0	0	1	1	1	1	1	1	1	1	1	1	1	1	1	0	0	0	0	0	1	1	1	0	0	1	1	1	1	1	1	1	1	1	1	1	1	1	0	1	0											
3	Uncountable Discrete Topology	1	1	1	1	1	1	1	1	1	1	1	1	1	1	1	0	0	0	0	0	0	0	1	1	0	0	0	1	0	1	1	1	1	1	1	0	0	0	0	0	1	1	1	0	0	1	1	1	1	1	1	1	1	1	1	1	0	3	3	3	0											
4	Indiscrete Topology	0	0	0	0	1	1	1	1	0	0	0	0	0	0	0	1	1	1	1	1	1	1	1	1	1	1	1	1	1	1	1	1	1	0	1	1	1	3	1	1	1	1	3	3	3	0	0	0	0	1	0	0	0	1	3	1	3	3	3	3	1											
6	Odd-Even Topology	0	0	0	0	1	1	1	1	0	0	0	0	0	0	0	0	1	1	0	0	1	0	1	1	1	1	1	1	1	1	1	1	1	0	1	0	0	0	0	0	1	1	0	0	0	0	0	0	0	1	0	0	0	1	3	1	1	1	0	1	0											
8	Finite Particular Point Topology	1	0	0	0	0	0	0	0	0	0	0	0	0	0	0	1	1	1	1	1	1	1	1	1	1	1	1	1	1	1	1	1	1	0	0	1	1	0	1	0	1	1	0	1	1	0	0	0	0	0	1	0	0	1	3	1	1	1	0	1	1											
9	Countable Particular Point Topology	1	0	0	0	0	0	0	0	0	0	0	0	0	0	0	0	1	1	0	0	0	1	1	0	1	1	1	1	1	0	0	0	0	0	0	1	1	0	1	0	1	1	0	1	1	0	0	0	0	0	1	0	0	1	3	1	1	1	0	1	1											
10	Uncountable Particular Point Topology	1	0	0	0	0	0	0	0	0	0	0	0	0	0	0	0	0	0	0	0	0	1	1	0	0	1	0	1	1	0	0	0	0	0	0	1	1	0	1	0	1	1	0	1	1	0	0	0	0	0	1	0	0	0	3	1	0	3	3	3	1											
11	Sierpinski Space	1	0	0	0	0	0	1	1	0	0	0	0	0	0	0	1	1	1	1	1	1	1	1	1	1	1	1	1	1	1	1	1	1	0	0	1	1	0	1	1	1	1	0	1	1	0	0	0	0	0	1	0	0	1	3	1	1	1	0	1	1											
13	Finite Excluded Point Topology	1	0	0	0	0	0	1	1	0	0	0	0	0	0	0	1	1	1	1	1	1	1	1	1	1	1	1	1	1	1	1	1	1	0	1	1	1	0	1	1	1	1	0	1	1	0	0	0	0	0	1	0	0	1	3	1	1	1	0	1	1											
14	Countable Excluded Point Topology	1	0	0	0	0	0	1	1	0	0	0	0	0	0	0	1	1	1	1	1	1	1	1	1	1	1	1	1	1	1	1	1	1	0	1	1	1	0	1	1	1	1	0	1	1	0	0	0	0	0	1	0	0	1	3	1	1	1	0	1	1											
15	Uncountable Excluded Point Topology	1	0	0	0	0	0	1	1	0	0	0	0	0	0	0	1	1	1	1	1	1	1	1	1	1	0	0	1	0	1	1	1	1	0	1	1	1	0	1	1	1	1	0	1	1	0	0	0	0	0	1	0	0	1	3	1	0	3	3	3	1											
17	Either-Or Topology	1	0	0	0	0	0	1	1	0	0	0	0	0	0	0	1	1	1	1	1	1	1	1	1	1	0	0	1	0	1	1	1	1	0	1	0	0	0	0	0	1	1	0	0	0	0	0	0	0	0	1	0	0	1	3	1	0	0	1	1	0											
18	Finite Complement Topology on a Countable Space	1	1	0	0	0	0	0	0	0	0	0	0	0	0	0	1	1	1	1	1	1	1	1	1	1	1	1	1	1	1	1	1	1	0	0	1	0	0	1	0	1	0	0	0	0	1	0	0	0	0	0	0	0	1	3	0	1	1	0	1	1											
19	Finite Complement Topology on an Uncountable Space	1	1	0	0	0	0	0	0	0	0	0	0	0	0	0	1	1	1	1	1	1	1	1	1	1	1	0	0	1	1	1	1	1	0	0	1	1	1	1	0	1	1	1	0	0	0	0	0	0	0	0	0	0	0	3	1	0	3	3	3	1											
20	Countable Complement Topology	1	1	0	0	0	0	0	0	0	0	0	0	0	0	0	0	0	1	0	0	0	1	0	0	0	0	0	0	1	0	0	0	0	0	0	1	0	0	1	0	1	0	0	0	0	1	0	0	0	0	0	0	0	0	3	1	0	3	3	3	1											
21	Double Pointed Countable Complement Topology	0	0	0	0	0	0	0	0	0	0	0	0	0	0	0	0	0	1	0	0	1	1	0	0	0	0	0	0	1	0	0	0	0	0	0	1	0	0	0	0	1	0	0	0	0	0	0	0	0	0	0	0	0	0	3	1	0	3	3	3	1											
22	Compact Complement Topology	1	1	0	0	0	0	0	0	0	0	0	0	0	0	0	1	1	1	1	1	1	1	1	1	1	1	1	1	1	1	1	1	1	0	0	1	1	1	1	0	1	1	1	0	0	0	0	0	0	0	0	0	0	1	3	0	0	0	1	1	1											
23	Countable Fort Space	1	1	1	1	1	1	1	1	1	1	1	1	1	1	1	1	1	1	1	1	1	1	1	1	1	1	1	1	1	1	1	1	1	1	1	0	0	0	0	0	0	0	0	0	0	1	1	1	0	1	1	0	1	1	1	1	1	1	0	1	0											
24	Uncountable Fort Space	1	1	1	1	1	1	1	1	1	1	1	1	1	1	0	1	1	1	1	1	1	1	1	1	1	0	0	0	1	1	1	1	1	1	1	0	0	0	0	0	0	0	0	0	0	1	1	1	0	1	1	0	0	0	3	1	0	3	3	3	0											
25	Fortissimo Space	1	1	1	1	1	1	1	1	1	1	1	1	1	1	0	0	0	1	0	0	0	0	0	0	0	0	0	0	0	1	1	1	1	1	1	0	0	0	0	0	0	0	0	0	0	1	1	1	0	1	1	0	0	0	3	1	0	3	3	3	0											
26	Arens-Fort Space	1	1	1	1	1	1	1	1	1	1	1	1	1	1	1	0	1	1	0	0	0	0	0	0	0	1	0	0	1	1	1	1	1	1	1	0	0	0	0	0	0	0	0	0	0	1	1	1	0	1	1	0	0	0	3	1	1	1	0	1	0											
27	Modified Fort Space	1	1	0	0	0	0	0	0	0	0	0	0	0	0	0	1	1	1	1	1	1	1	1	1	1	0	0	0	0	1	1	1	1	0	0	0	0	0	0	0	0	0	0	0	0	1	1	0	0	0	1	0	0	0	3	1	0	3	3	3	0											
28	Euclidean Topology	1	1	1	1	1	1	1	1	1	1	1	1	1	1	1	0	1	1	0	0	0	0	1	1	1	1	1	1	1	1	1	1	1	1	1	1	1	1	0	0	1	1	1	0	0	0	0	0	0	0	0	0	1	1	1	1	0	0	1	1	0											
29	The Cantor Set	1	1	1	1	1	1	1	1	1	1	1	1	1	1	1	1	1	1	1	1	1	1	1	1	1	1	1	1	1	1	1	1	1	1	1	0	0	0	0	0	0	0	0	0	0	1	1	1	0	1	0	0	1	1	1	1	0	0	1	1	0											
30	The Rational Numbers	1	1	1	1	1	1	1	1	1	1	1	1	1	1	1	0	1	1	0	0	0	0	0	0	0	1	1	1	1	1	1	1	1	1	1	0	0	0	0	0	0	0	0	0	0	1	1	1	0	1	0	0	1	1	0	0	1	1	0	1	0											
31	The Irrational Numbers	1	1	1	1	1	1	1	1	1	1	1	1	1	1	1	0	0	1	0	0	0	0	0	0	0	1	1	1	1	1	1	1	1	1	1	0	0	0	0	0	0	0	0	0	0	1	1	1	0	1	0	0	1	1	1	1	0	0	1	1	0											
35	One Point Compactification of the Rationals	1	1	0	0	0	0	0	0	0	0	0	0	0	0	0	1	1	1	1	1	1	1	1	1	1	1	0	0	1	1	1	1	1	0	0	1	0	0	0	0	0	0	0	1	1	1	0	0	0	0	0	0	0	1	3	0	1	1	0	1	1											
36	Hilbert Space	1	1	1	1	1	1	1	1	1	1	1	1	1	1	1	0	0	1	0	0	0	0	0	0	0	1	1	1	1	1	1	1	1	1	1	1	1	1	0	0	1	1	1	0	0	0	0	0	0	0	0	0	1	1	1	1	0	0	1	1	0											
38	Hilbert Cube	1	1	1	1	1	1	1	1	1	1	1	1	1	1	1	1	1	1	1	1	1	1	1	1	1	1	1	1	1	1	1	1	1	1	1	1	1	1	0	0	1	1	1	0	0	0	0	0	0	0	0	0	1	1	1	1	0	0	1	1	0											
40	"Open Ordinal Space $[0,\Gamma)$"	1	1	1	1	1	1	1	1	1	1	1	1	1	1	1	0	1	1	0	0	0	0	1	1	1	1	1	1	1	1	1	1	1	1	1	0	0	0	0	0	0	0	0	0	0	1	1	1	0	1	1	0	1	1	1	1	1	1	0	1	0											
41	"Closed Ordinal Space $[0,\Gamma)$"	1	1	1	1	1	1	1	1	1	1	1	1	1	1	1	1	1	1	1	1	1	1	1	1	1	1	1	1	1	1	1	1	1	1	1	0	0	0	0	0	0	0	0	0	0	1	1	1	0	1	1	0	1	1	1	1	1	1	0	1	0											
42	"Open Ordinal Space $[0,\Omega)$"	1	1	1	1	1	1	1	1	1	1	1	1	1	1	0	0	0	0	1	1	1	1	1	1	0	0	0	1	0	0	0	1	1	0	0	0	0	0	0	0	0	0	0	0	0	1	1	1	0	1	1	0	0	0	3	1	0	3	3	1	0											
43	"Closed Ordinal Space $[0,\Omega)$"	1	1	1	1	1	1	1	1	1	1	1	1	1	1	0	1	1	1	1	1	1	1	1	1	1	0	0	0	0	1	1	1	1	1	1	0	0	0	0	0	0	0	0	0	0	1	1	1	0	1	1	0	0	0	3	1	0	3	3	1	0											
45	The Long Line	1	1	1	1	1	1	1	1	1	1	1	1	1	1	0	0	0	0	1	1	1	1	1	1	0	0	0	1	0	0	0	1	1	0	0	1	1	1	0	0	1	1	1	0	0	0	0	0	0	0	0	0	0	0	3	1	0	0	1	1	0											
46	The Extended Long Line	1	1	1	1	1	1	1	1	1	1	1	1	1	1	0	1	1	1	1	1	1	1	1	1	1	0	0	0	0	1	1	1	1	1	1	1	0	0	0	0	1	0	0	0	0	0	0	0	0	0	0	0	0	0	3	1	0	0	1	1	0											
47	An Altered Long Line	1	1	1	1	0	0	0	0	1	0	0	0	0	0	0	0	0	0	1	1	1	1	0	0	0	0	0	0	0	0	0	1	1	0	0	1	0	0	0	0	0	0	0	0	0	0	0	0	0	0	0	0	0	0	3	1	0	0	1	1	0											
48	Lexicographic Ordering on the Unit Square	1	1	1	1	1	1	1	1	1	1	1	1	1	1	0	1	1	1	1	1	1	1	1	1	1	0	0	1	0	1	1	1	1	1	1	1	0	0	0	0	1	0	0	0	0	0	0	0	0	0	0	0	0	0	3	1	0	0	1	1	0											
50	Right Order Topology on R	1	0	0	0	0	0	1	1	0	0	0	0	0	0	0	0	1	1	0	0	1	1	1	0	1	1	1	1	1	0	0	0	0	0	0	1	1	1	1	1	1	1	1	0	0	0	0	0	0	0	0	0	0	1	3	0	0	0	1	1	1											
51	Right Half-Open Interval Topology	1	1	1	1	1	1	1	1	1	1	1	1	1	1	1	0	0	1	0	0	0	0	0	0	0	1	0	1	1	1	1	1	1	1	1	0	0	0	0	0	0	0	0	0	0	1	1	1	0	1	0	0	0	0	3	1	0	0	1	1	0											
52	Nested Interval Topology	0	0	0	0	0	0	1	1	0	0	0	0	0	0	0	0	1	1	0	0	1	1	1	0	1	1	1	1	1	0	0	0	0	0	0	1	1	1	1	1	1	1	1	0	0	0	0	0	0	0	0	0	0	1	3	1	0	0	1	1	1											
53	Overlapping Interval Topology	1	0	0	0	0	0	0	0	0	0	0	0	0	0	0	1	1	1	1	1	1	1	1	1	1	1	1	1	1	1	1	1	1	0	0	1	1	1	1	0	1	1	1	0	0	0	0	0	0	0	0	0	0	1	3	1	0	0	1	1	1											
54	Interlocking Interval Topology	0	0	0	0	0	0	0	0	0	0	0	0	0	0	0	0	1	1	0	0	1	1	1	0	1	1	1	1	1	0	1	0	1	0	0	1	2	2	1	0	1	2	2	0	0	0	0	0	0	0	0	0	0	1	3	0	0	0	1	1	1											
55	Hjalmar Ekdal Topology	1	0	0	0	0	0	1	1	0	0	0	0	0	0	0	0	1	1	0	0	0	0	1	1	1	1	1	1	1	1	1	1	1	0	1	0	0	0	0	0	1	1	0	0	0	0	0	0	0	0	1	0	0	1	3	1	1	1	0	1	0											
56	Prime Ideal Topology	1	0	0	0	0	0	0	0	0	0	0	0	0	0	0	1	1	1	1	1	1	1	1	1	1	1	1	1	1	1	1	1	1	0	0	1	1	0	1	0	1	1	0	0	0	0	0	0	0	0	0	0	0	1	3	1	1	1	0	1	1											
57	Divisor Topology	1	0	0	0	0	0	1	0	0	0	0	0	0	0	0	0	1	1	0	0	1	1	1	0	1	1	1	1	1	0	0	0	0	0	0	1	1	0	0	1	1	1	0	0	0	0	0	0	0	0	1	0	0	1	3	1	1	1	0	1	1											
58	Evenly Spaced Integer Topology	1	1	1	1	1	1	1	1	1	1	1	1	1	1	1	0	1	1	0	0	0	0	0	0	0	1	1	1	1	1	1	1	1	1	1	0	0	0	0	0	0	0	0	0	0	1	1	1	0	1	0	0	1	1	0	0	1	1	0	1	0											
59	The p-adic Topology on Z	1	1	1	1	1	1	1	1	1	1	1	1	1	1	1	0	1	1	0	0	0	0	0	0	0	1	1	1	1	1	1	1	1	1	1	0	0	0	0	0	0	0	0	0	0	1	1	1	0	1	0	0	1	1	0	0	1	1	0	1	0											
60	Relatively Prime Integer Topology	1	1	1	0	0	0	0	0	0	1	0	0	0	0	0	0	1	1	0	0	0	1	0	0	0	1	1	1	1	0	1	0	1	0	0	1	0	0	0	0	0	0	0	0	0	1	0	0	0	0	0	0	0	1	3	2	1	1	0	1	1											
61	Prime Integer Topology	1	1	1	0	0	0	0	0	0	2	0	0	0	0	0	0	1	1	0	0	0	1	0	0	0	1	1	1	1	0	1	0	1	0	0	1	0	0	0	0	1	0	0	0	0	1	0	0	0	0	0	0	0	1	3	2	1	1	0	1	1											
62	Double Pointed Reals	0	0	0	0	1	1	1	1	0	0	0	0	0	0	0	0	1	1	0	0	1	0	1	1	1	1	1	1	1	1	1	1	1	0	1	1	1	1	0	0	1	1	1	0	0	0	0	0	0	0	0	0	0	1	3	0	0	0	1	1	0											
63	Countable Complement Extension Topology	1	1	1	1	0	0	0	0	1	0	0	0	0	0	0	0	0	1	0	0	0	0	0	0	0	0	0	0	1	0	0	0	0	0	0	1	0	0	0	0	1	0	0	0	0	1	0	0	0	0	0	0	0	2	3	2	0	0	1	1	0											
64	Smirnov's Deleted Sequence Topology	1	1	1	1	0	0	0	0	1	0	0	0	0	0	0	0	1	1	0	0	0	0	0	0	0	1	1	1	1	0	1	0	1	0	0	1	0	0	0	0	0	0	0	0	0	0	0	0	0	0	0	0	0	1	3	1	0	0	1	1	0											
65	Rational Sequence Topology	1	1	1	1	1	1	0	0	1	1	1	1	0	0	0	0	0	0	0	0	0	0	1	1	0	1	0	1	1	0	0	2	1	0	0	0	0	0	0	0	0	0	0	0	0	1	1	1	0	1	1	0	0	0	3	1	0	0	1	1	0											
66	Indiscrete Rational Extension of R	1	1	1	1	0	0	0	0	1	0	0	0	0	0	0	0	0	1	0	0	0	0	0	0	0	1	1	1	1	0	1	0	1	0	0	1	0	0	0	0	0	0	0	0	0	1	0	0	0	0	0	0	0	1	3	2	0	0	1	1	0											
67	Indiscrete Irrational Extension of R	1	1	1	1	0	0	0	0	1	0	0	0	0	0	0	0	0	1	0	0	0	0	0	0	0	1	1	1	1	0	1	0	1	0	0	1	0	0	0	0	0	0	0	0	0	1	0	0	0	0	0	0	0	1	3	2	0	0	1	1	0											
68	Pointed Rational Extension of R	1	1	1	1	0	0	0	0	1	0	0	0	0	0	0	0	0	0	0	0	0	0	0	0	0	1	0	1	1	0	0	0	0	0	0	1	0	0	0	0	0	0	0	0	0	1	0	0	0	0	0	0	0	2	3	2	0	0	1	1	0											
69	Pointed Irrational Extension of R	1	1	1	1	0	0	0	0	1	0	0	0	0	0	0	0	0	1	0	0	0	0	0	0	0	1	1	1	1	0	0	0	0	0	0	1	0	0	0	0	0	0	0	0	0	1	0	0	0	0	0	0	0	1	3	2	0	0	1	1	0											
70	Discrete Rational Extension of R	1	1	1	1	1	1	1	1	1	1	1	1	1	1	1	0	0	1	0	0	0	0	0	0	0	1	1	1	1	1	1	1	1	1	1	0	0	0	0	0	0	0	0	0	0	1	1	1	0	1	0	0	1	1	2	1	0	0	1	1	0											
71	Discrete Irrational Extension of R	1	1	1	1	1	1	1	1	1	1	1	1	1	1	0	0	0	0	0	0	0	0	0	0	0	0	0	1	0	1	1	1	1	1	1	0	0	0	0	0	0	0	0	0	0	1	1	1	0	1	0	0	0	0	3	1	0	0	1	1	0											
72	Rational Extension in the Plane	1	1	1	1	0	0	0	0	1	2	0	0	0	0	0	0	0	0	0	0	0	0	0	0	0	1	0	1	1	0	0	0	1	0	0	0	0	0	0	0	0	0	0	0	0	1	1	0	0	0	1	0	0	2	3	2	0	0	1	1	0											
73	Teleophase Topology	1	1	0	0	0	0	0	0	0	0	0	0	0	0	0	1	1	1	1	1	1	1	1	1	1	1	1	1	1	1	1	1	1	0	0	1	1	1	0	0	1	1	1	0	0	0	0	0	0	0	0	0	0	1	3	1	0	0	1	1	0											
74	Double Origin Topology	1	1	1	0	0	0	0	0	0	1	0	0	0	0	0	0	1	1	0	0	0	0	0	0	0	1	1	1	1	0	1	0	1	0	0	1	1	1	0	0	1	1	1	0	0	0	0	0	0	0	0	0	0	1	3	1	0	0	1	1	0											
75	Irrational Slope Topology	1	1	1	0	0	0	0	0	0	0	0	0	0	0	0	0	1	1	0	0	0	1	0	0	0	1	1	1	1	0	1	0	1	0	0	1	0	0	0	0	0	0	0	0	0	1	0	0	0	0	0	0	0	1	3	0	1	1	0	1	1											
76	Deleted Diameter Topology	1	1	1	1	0	0	0	0	1	0	0	0	0	0	0	0	0	0	0	0	0	0	0	0	0	1	0	1	1	0	0	0	1	0	0	1	1	1	0	0	1	1	1	0	0	0	0	0	0	0	0	0	0	2	3	2	0	0	1	1	0											
77	Deleted Radius Topology	1	1	1	1	0	0	0	0	1	0	0	0	0	0	0	0	0	1	0	0	0	0	0	0	0	1	0	1	1	0	2	0	2	0	0	1	1	1	0	0	1	1	1	0	0	0	0	0	0	0	0	0	0	2	3	2	0	0	1	1	0											
78	Half-Disc Topology	1	1	1	1	0	0	0	0	1	0	0	0	0	0	0	0	0	0	0	0	0	0	0	0	0	1	0	1	1	0	0	0	1	0	0	1	1	1	0	0	1	1	1	0	0	0	0	0	0	0	0	0	0	2	3	2	0	0	1	1	0											
79	Irregular Lattice Topology	1	1	1	1	0	0	0	0	1	0	0	0	0	0	0	0	1	1	0	0	0	0	0	0	0	1	1	1	1	0	1	0	1	0	0	0	0	0	0	0	0	0	0	0	0	1	1	1	0	0	1	0	0	1	3	1	1	1	0	1	0											
80	Arens Square	1	1	1	1	0	0	0	0	0	1	0	0	0	0	0	0	1	1	0	0	0	0	0	0	0	1	1	1	1	0	1	0	1	0	0	0	0	0	0	0	0	0	0	0	0	1	1	0	0	0	0	0	0	1	3	0	1	1	0	1	0											
81	Simplified Arens Square	1	1	1	0	0	0	0	0	0	0	0	0	0	0	0	0	1	1	0	0	0	0	0	0	0	1	1	1	1	0	1	0	1	0	0	1	1	1	0	0	1	1	1	0	0	0	0	0	0	0	0	0	0	1	3	1	0	0	1	1	0											
82	Niemytzki's Tangent Disk Topology	1	1	1	1	1	1	0	0	1	1	1	1	0	0	0	0	0	0	0	0	0	0	0	0	0	1	0	1	1	0	0	0	1	0	0	1	1	1	0	0	1	1	1	0	0	0	0	0	0	0	0	0	0	0	3	1	0	0	1	1	0											
83	Metrizable Tangent Disk Topology	1	1	1	1	1	1	1	1	1	1	1	1	1	1	1	0	2	1	0	0	0	0	0	0	0	1	1	1	1	1	1	1	1	1	1	1	1	1	0	0	1	1	1	0	0	0	0	0	0	0	0	0	1	1	2	1	0	0	1	1	0											
84	Sorgenfrey's Half-Open Square Topology	1	1	1	1	1	1	0	0	1	1	1	1	0	0	0	0	0	0	0	0	0	0	0	0	0	1	0	1	1	0	0	0	1	0	0	0	0	0	0	0	0	0	0	0	0	1	1	1	0	1	0	0	0	0	3	2	0	0	1	1	0											
85	Michael's Product Topology	1	1	1	1	1	1	0	0	1	1	1	1	0	0	0	0	0	0	0	0	0	0	0	0	0	0	0	1	0	0	1	2	1	0	0	0	0	0	0	0	0	0	0	0	0	1	1	1	0	1	0	0	0	0	3	1	0	0	1	1	0											
86	Tychonoff Plank	1	1	1	1	1	1	1	0	1	1	1	1	1	0	0	1	1	1	1	2	1	1	1	1	1	0	0	0	0	1	1	1	1	1	1	0	0	0	0	0	0	0	0	0	0	1	1	1	0	1	1	0	0	0	3	1	0	3	3	1	0											
87	Deleted Tychonoff Plank	1	1	1	1	1	1	0	0	1	1	1	1	0	0	0	0	0	0	0	0	0	1	1	1	0	0	0	0	0	0	0	0	1	0	0	0	0	0	0	0	0	0	0	0	0	1	1	1	0	1	1	0	0	0	3	1	0	3	3	1	0											
88	Alexandroff Plank	1	1	1	1	0	0	0	0	1	1	0	0	0	0	0	0	0	0	0	0	0	2	0	0	0	0	0	0	0	0	0	2	2	0	0	0	0	0	0	0	0	0	0	0	0	0	0	0	0	0	0	0	0	2	2	1	0	0	1	1	0											
89	Dieudonne Plank	1	1	1	1	1	1	0	0	1	1	1	1	0	0	0	0	0	0	0	0	0	0	0	0	0	0	0	0	0	0	1	0	1	0	0	0	0	0	0	0	0	0	0	0	0	1	1	1	0	1	1	0	0	0	3	1	0	3	3	1	0											
90	Tychonoff Corkscrew	1	1	1	1	1	0	0	0	0	1	1	0	0	0	0	0	0	0	1	1	1	1	0	0	0	0	0	0	0	0	0	1	1	0	0	0	0	0	0	0	0	0	0	0	0	1	1	0	0	0	1	0	0	0	3	1	0	3	3	1	0											
91	Deleted Tychonoff Corkscrew	1	1	1	1	1	0	0	0	1	1	1	0	0	0	0	0	0	0	0	0	0	2	0	0	0	0	0	0	0	0	2	2	2	0	0	0	0	0	0	0	0	0	0	0	0	1	1	1	0	0	1	0	0	0	3	2	0	3	3	1	0											
92	Hewitt's Condensed Corkscrew	1	1	1	1	1	0	0	0	0	1	1	0	0	0	0	0	0	0	2	2	2	1	0	0	0	2	0	2	2	0	2	2	2	0	0	1	2	2	0	0	2	2	2	2	2	2	0	0	0	0	0	0	0	0	3	2	0	3	3	1	1											
93	Thomas' Plank	1	1	1	1	1	1	0	0	1	1	1	1	0	0	0	0	0	0	0	0	0	0	1	1	0	0	0	0	0	0	1	0	1	0	0	0	0	0	0	0	0	0	0	0	0	1	1	1	0	1	1	0	0	0	3	1	0	0	1	1	0											
94	Thomas' Corkscrew	1	1	1	1	1	0	0	0	0	1	1	0	0	0	0	0	0	0	0	0	0	0	0	0	0	0	0	0	0	0	1	0	1	0	0	0	0	0	0	0	0	0	0	0	0	1	1	0	0	0	2	0	0	0	3	1	0	0	1	1	0											
95	Weak Parallel Line Topology	1	1	1	1	1	1	1	1	1	1	1	1	1	1	1	1	1	1	1	1	1	1	1	1	1	1	0	1	1	1	1	1	1	1	1	0	0	0	0	0	0	0	0	0	0	1	1	1	0	1	0	0	0	0	3	1	0	0	1	1	0											
96	Strong Parallel Line Topology	1	1	1	1	0	0	0	0	1	0	0	0	0	0	0	0	0	1	0	0	0	2	0	0	0	1	0	1	1	0	1	0	1	0	0	0	0	0	0	0	0	0	0	0	0	1	1	1	0	0	0	0	0	2	3	2	0	0	1	1	0											
97	Concentric Circles	1	1	1	1	1	1	1	1	1	1	1	1	1	1	0	1	1	1	1	1	1	1	1	1	1	0	0	1	0	1	1	1	1	1	1	0	0	0	0	0	0	0	0	0	0	0	0	0	0	0	0	0	0	0	3	1	0	0	1	1	0											
98	Appert Space	1	1	1	1	1	1	1	1	1	1	1	1	1	1	1	0	1	1	0	0	0	0	0	0	0	1	0	0	1	1	1	1	1	1	1	0	0	0	0	0	0	0	0	0	0	1	1	1	0	1	1	0	0	0	3	1	1	1	0	1	0											
99	Maximal Compact Topology	1	1	0	0	0	0	0	0	0	0	0	0	0	0	0	1	1	1	1	1	1	1	1	1	1	1	0	0	1	1	1	1	1	0	0	0	0	0	0	0	0	0	0	0	0	1	1	0	0	0	1	0	0	1	3	1	1	1	0	1	0											
100	Minimal Hausdorff Topology	1	1	1	0	0	0	0	0	0	1	0	0	0	0	0	0	1	1	0	0	0	1	0	0	0	1	1	1	1	0	1	0	1	0	0	0	0	0	0	0	0	0	0	0	0	1	2	0	0	0	2	0	0	1	3	1	1	1	0	1	0											
101	Alexandroff Square	1	1	1	1	1	1	1	0	1	1	1	1	1	0	0	1	1	1	1	1	1	1	1	1	1	0	0	0	0	1	1	1	1	1	1	1	1	1	0	0	0	0	0	0	0	0	0	0	0	0	0	0	0	0	3	1	0	0	1	1	0											
102	$Z^Z$	1	1	1	1	1	1	1	1	1	1	1	1	1	1	1	0	0	1	0	0	0	0	0	0	0	1	1	1	1	1	1	1	1	1	1	0	0	0	0	0	0	0	0	0	0	1	1	1	0	1	0	0	1	1	1	1	0	0	1	1	0											
103	Uncountable Products of $Z^+$	1	1	1	1	1	1	0	0	1	1	1	1	0	0	0	0	0	0	0	0	0	0	0	0	0	3	0	0	1	0	2	2	2	0	0	0	0	0	0	0	0	0	0	0	0	1	1	1	0	1	0	0	0	0	3	2	0	3	3	3	0											
104	Baire Product Metric on $R^\omega$	1	1	1	1	1	1	1	1	1	1	1	1	1	1	1	0	0	0	0	0	0	0	0	0	0	0	0	1	0	1	1	1	1	1	1	0	0	0	0	0	0	0	0	0	0	1	1	1	0	1	0	0	1	1	1	1	0	0	1	1	0											
105	$I^I$	1	1	1	1	1	1	1	0	1	1	1	1	1	0	0	1	1	1	1	0	1	1	1	1	1	1	0	0	1	1	1	1	1	1	1	1	1	1	0	0	1	1	1	0	0	0	0	0	0	0	0	0	0	0	3	1	0	0	0	1	0											
106	"$[0,\Omega) \times I^I$"	1	1	1	1	1	1	0	0	1	1	1	1	0	0	0	0	0	0	1	0	1	1	1	1	0	0	0	0	0	0	0	1	1	0	0	0	0	0	0	0	0	0	0	0	0	0	0	0	0	0	0	0	0	0	3	1	0	0	0	1	0											
107	Helly Space	1	1	1	1	1	1	1	0	1	1	1	1	1	0	0	1	1	1	1	1	1	1	1	1	1	1	0	1	1	1	1	1	1	1	1	1	1	1	0	0	1	1	1	0	0	0	0	0	0	0	0	0	0	0	3	1	0	0	1	1	0											
108	"$C[0,1]$"	1	1	1	1	1	1	1	1	1	1	1	1	1	1	1	0	0	1	0	0	0	0	0	0	0	1	1	1	1	1	1	1	1	1	1	1	1	1	0	0	1	1	1	2	2	0	0	0	0	0	0	0	1	1	1	1	0	0	1	1	0											
109	Box Product Topology on $R^\omega$	1	1	1	1	1	1	2	2	1	1	1	1	2	2	2	0	0	0	0	0	0	0	0	0	0	0	0	0	0	2	2	2	2	2	2	0	0	0	0	0	0	0	0	0	0	0	0	0	0	0	0	0	0	0	3	1	0	0	1	1	0											
111	Stone-Cech Compactification of the Integers	1	1	1	1	1	1	1	0	1	1	1	1	1	0	0	1	1	1	1	0	1	1	1	1	1	1	0	0	1	1	1	1	1	1	1	0	0	0	0	0	0	0	0	0	0	1	1	1	1	1	0	0	0	0	3	1	0	0	0	1	0											
112	Novak Space	1	1	1	1	1	1	2	2	1	1	1	1	2	2	2	0	0	0	1	2	1	1	2	2	0	1	0	2	1	0	0	1	1	0	0	2	2	2	0	0	2	2	2	2	2	1	1	1	2	1	2	0	0	0	3	1	0	2	2	1	0											
113	Strong Ultrafilter Topology	1	1	1	1	0	0	0	0	1	0	0	0	0	0	0	0	0	0	0	0	0	1	0	0	0	1	0	0	1	0	0	2	2	0	0	0	0	0	0	0	0	0	0	0	0	1	1	1	1	0	1	0	0	2	3	2	0	2	2	1	0											
114	Single Ultrafilter Topology	1	1	1	1	1	1	1	1	1	1	1	1	1	1	1	0	1	1	0	0	0	0	0	0	0	1	0	0	1	1	1	1	1	1	1	0	0	0	0	0	0	0	0	0	0	1	1	1	1	1	1	0	0	0	3	1	1	1	0	1	0											
115	Nested Rectangles	1	1	1	1	1	1	1	1	1	1	1	1	1	1	1	0	1	1	0	0	0	0	0	0	0	1	1	1	1	1	1	1	1	1	1	0	0	0	0	0	0	0	0	0	0	0	0	0	0	0	0	0	1	1	1	1	0	0	1	1	0											
116	Topologist's Sine Curve	1	1	1	1	1	1	1	1	1	1	1	1	1	1	1	0	1	1	0	0	0	0	0	0	0	1	1	1	1	1	1	1	1	1	1	1	0	0	0	0	0	0	0	0	0	0	0	0	0	0	0	0	1	1	2	1	0	0	1	1	0											
117	Closed Topologist's Sine Curve	1	1	1	1	1	1	1	1	1	1	1	1	1	1	1	1	1	1	1	1	1	1	1	1	1	1	1	1	1	1	1	1	1	1	1	1	0	0	0	0	0	0	0	0	0	0	0	0	0	0	0	0	1	1	1	1	0	0	1	1	0											
118	Extended Topologist's Sine Curve	1	1	1	1	1	1	1	1	1	1	1	1	1	1	1	1	1	1	1	1	1	1	1	1	1	1	1	1	1	1	1	1	1	1	1	1	1	1	0	0	0	0	0	0	0	0	0	0	0	0	0	0	1	1	1	1	0	0	1	1	0											
119	The Infinite Broom	1	1	1	1	1	1	1	1	1	1	1	1	1	1	1	0	1	1	0	0	0	0	1	1	1	1	1	1	1	1	1	1	1	1	1	1	0	0	0	0	0	0	0	0	0	0	0	0	0	0	0	0	1	1	2	1	0	0	1	1	0											
120	The Closed Infinite Broom	1	1	1	1	1	1	1	1	1	1	1	1	1	1	1	1	1	1	1	1	1	1	1	1	1	1	1	1	1	1	1	1	1	1	1	1	1	1	0	0	0	0	0	0	0	0	0	0	0	0	0	0	1	1	1	1	0	0	1	1	0											
121	The Integer Broom	1	0	0	0	0	0	1	1	0	0	0	0	0	0	0	1	1	1	1	2	1	1	1	1	1	1	2	2	1	1	1	1	1	0	2	1	1	0	0	1	0	0	0	0	0	0	0	0	0	0	2	0	0	2	3	0	1	1	0	1	1											
122	Nested Angles	1	1	1	1	1	1	1	1	1	1	1	1	1	1	1	0	1	1	0	0	0	0	1	1	1	1	1	1	1	1	1	1	1	1	1	1	0	0	0	0	0	0	0	0	0	0	0	0	0	0	0	0	1	1	1	1	0	0	1	1	0											
123	The Infinite Cage	1	1	1	1	1	1	1	1	1	1	1	1	1	1	1	0	1	1	0	0	0	0	1	1	1	1	1	1	1	1	1	1	1	1	1	1	0	0	0	0	0	0	0	0	0	0	0	0	0	0	0	0	1	1	2	1	0	0	1	1	0											
125	Gustin's Sequence Space	1	1	1	2	0	0	0	0	0	2	0	0	0	0	0	0	1	1	0	0	0	1	0	0	0	1	2	2	1	0	1	0	1	0	0	1	0	0	0	0	2	0	0	2	2	1	0	0	0	0	0	0	0	2	3	2	1	1	0	1	1											
126	Roy's Lattice Space	1	1	1	1	0	0	0	0	0	0	0	0	0	0	0	0	1	1	0	0	0	1	0	0	0	1	1	1	1	0	1	0	1	0	0	1	0	0	0	0	0	0	0	1	1	1	0	0	0	0	0	0	0	1	3	0	1	1	0	1	1											
127	Roy's Lattice Subspace	1	1	1	1	0	0	0	0	1	2	0	0	0	0	0	0	1	1	0	0	0	2	0	0	0	1	1	1	1	0	1	0	1	0	0	0	0	0	0	0	0	0	0	0	0	1	1	1	0	0	0	0	0	1	3	0	1	1	0	1	0											
128	Cantor's Leaky Tent	1	1	1	1	1	1	1	1	1	1	1	1	1	1	1	0	0	1	0	0	0	0	0	0	0	1	1	1	1	1	1	1	1	1	1	1	0	0	0	0	0	0	0	1	1	2	0	0	0	0	0	0	1	1	2	2	0	0	1	1	0											
129	Cantor's Teepee	1	1	1	1	1	1	1	1	1	1	1	1	1	1	1	0	0	1	0	0	0	0	0	0	0	1	1	1	1	1	1	1	1	1	1	0	0	0	0	0	0	0	0	0	0	1	1	0	0	0	0	0	1	1	2	2	0	0	1	1	0											
130	A Psuedo-Arc	1	1	1	1	1	1	1	1	1	1	1	1	1	1	1	1	1	1	1	1	1	1	1	1	1	1	1	1	1	1	1	1	1	1	1	1	0	0	0	0	2	0	0	2	2	1	0	0	0	0	0	0	1	1	1	1	0	0	1	1	0											
131	Miller's Biconnected Set	1	1	1	1	1	1	1	1	1	1	1	1	1	1	1	2	2	1	2	2	2	2	2	2	2	1	1	1	1	1	1	1	1	1	1	1	2	2	0	0	2	2	2	1	0	2	0	0	0	0	0	0	1	1	2	2	0	0	2	1	0											
132	Wheel without its Hub	1	1	1	1	1	1	1	1	1	1	1	1	1	1	1	0	0	0	0	0	0	0	0	0	0	0	0	1	0	1	1	1	1	1	1	1	1	1	0	0	1	1	1	0	0	0	0	0	0	0	0	0	1	1	1	1	0	0	1	1	0											
133	Tangora's Connected Space	1	1	1	1	0	0	0	0	1	0	0	0	0	0	0	0	0	0	0	0	0	0	0	0	0	1	0	1	1	0	2	2	2	2	2	1	2	2	2	2	2	2	2	2	2	2	2	2	2	2	2	2	2	2	2	2	2	2	2	2	2											
135	Sierpinski's Metric Space	1	1	1	1	1	1	1	1	1	1	1	1	1	1	1	0	1	1	0	0	0	0	1	1	1	1	1	1	1	1	1	1	1	1	1	0	0	0	0	0	1	1	1	0	0	1	1	1	1	1	1	1	1	1	1	1	1	1	0	1	0											
136	Duncan's Space	1	1	1	1	1	1	1	1	1	1	1	1	1	1	1	0	0	1	0	0	0	0	0	0	0	1	1	1	1	1	1	1	1	1	1	0	0	0	0	0	0	0	0	0	0	1	1	1	0	2	0	0	1	1	2	2	0	0	1	1	0											
139	The Post Office Metric	1	1	1	1	1	1	1	1	1	1	1	1	1	1	1	0	0	0	0	0	0	0	0	0	0	0	0	1	0	1	1	1	1	1	1	0	0	0	0	0	0	0	0	0	0	1	1	1	0	1	1	0	1	1	1	1	0	0	1	1	0											
140	The Radial Metric	1	1	1	1	1	1	1	1	1	1	1	1	1	1	1	0	0	0	0	0	0	0	0	0	0	0	0	1	0	1	1	1	1	1	1	1	1	1	0	0	1	1	1	0	0	0	0	0	0	0	0	0	1	1	1	1	0	0	1	1	0											
141	Radial Interval Topology	1	1	1	1	1	1	1	1	1	1	1	1	1	1	1	0	0	0	0	0	0	0	0	0	0	0	0	0	0	1	1	1	1	1	1	1	1	1	0	0	1	1	1	0	0	0	0	0	0	0	0	0	0	0	3	1	0	0	1	1	0											
142	Bing's Discrete Extension Space	1	1	1	1	1	1	1	1	1	1	1	1	1	1	0	0	0	0	2	2	2	2	2	2	0	0	0	0	0	0	0	2	2	0	0	0	0	0	0	0	2	2	2	2	2	2	2	2	2	2	2	2	0	0	3	1	0	0	0	0	0											
143	Michael's Closed Subspace	1	1	1	1	1	1	1	1	1	1	1	1	1	1	0	0	0	0	0	0	0	0	2	2	0	0	0	0	0	0	1	1	1	0	0	0	0	0	0	0	2	2	2	2	2	2	2	2	2	2	2	2	0	0	3	2	0	0	0	0	0
